-72648
-393762
-244771
-983247
-144066
-335920
-911261
-130353
-205440
-994140
-25477
-389624
-456662
-669356
-641170
-701690
-852553
-48006
-807648
-952381
-81646
-911250
-590531
-968243
-325155
-868130
-737772
-276342
-720162
-348035
-971944
-792911
-741897
-216715
-776158
-152764
-819536
-687419
-283217
-24976
-948359
-575596
-414701
-405021
-244951
-322672
-373511
-364305
-637580
-181159
-583487
-719327
-359210
-440819
-687570
-951267
-308948
-692143
-227609
-29110
-306978
-466354
-822122
-48875
-949970
-865080
-201740
-769506
-819300
-751859
-61283
-767659
-327454
-476084
-439480
-839307
-65557
-813092
-203612
-703237
-261052
-787200
-422564
-887164
-494820
-376934
-838431
-803869
-69077
-332841
-833080
-376156
-65995
-922002
-691933
-15965
-787082
-160473
-52272
-606382
-912433
-113656
-640841
-506688
-856642
-80321
-345995
-922299
-160214
-816509
-625536
-688168
-870510
-48100
-575332
-365329
-425135
-680564
-169198
-761113
-280206
-2277
-404070
-346302
-191080
-96002
-362368
-978263
-523377
-414741
-851446
-702611
-795298
-759088
-209298
-651940
-106210
-555394
-574239
-266525
-638703
-466576
-221494
-509213
-514776
-63627
-874643
-206712
-744292
-43840
-234626
-24497
-313019
-638796
-637701
-771001
-1599
-68
-15964
-525077
-681711
-867511
-227688
-477009
-893399
-703888
-395749
-999710
-259281
-970089
-533035
-898085
-436664
-754630
-674099
-218241
-85057
-548741
-691855
-829450
-859483
-926581
-120748
-439303
-832178
-758549
-210304
-833878
-25418
-226369
-625756
-974031
-360681
-120245
-717840
-254080
-824233
-113589
-520590
-350315
-83678
-53625
-248400
-787244
-75056
-189300
-272286
-160214
-738142
-964241
-256464
-864426
-157522
-644114
-303729
-989801
-669464
-514134
-90379
-694983
-7304
-716236
-935814
-368085
-836582
-653654
-889067
-660815
-767344
-676458
-11130
-117823
-730184
-526432
-905167
-72040
-715832
-444254
-499156
-720775
-408495
-22421
-585200
-566118
-666635
-155730
-822720
-336099
-936765
-913200
-297882
-944170
-629436
-500497
-579056
-466017
-154151
-734923
-393633
-921596
-411381
-404863
-306220
-408365
-198096
-478188
-480506
-914029
-922542
-246463
-901604
-331037
-268984
-486804
-163955
-202420
-909436
-986776
-805421
-846201
-899975
-103303
-790370
-796212
-870702
-636227
-529030
-24853
-371150
-922763
-213250
-782631
-594427
-519570
-190996
-792624
-997859
-938404
-973453
-920401
-451668
-875057
-518238
-720753
-628662
-682294
-189974
-538098
-935871
-995495
-384298
-102546
-365599
-441469
-898858
-236300
-77696
-427888
-261254
-715747
-617452
-741405
-498378
-211879
-260975
-956276
-271303
-525635
-161380
-244756
-712836
-613149
-119813
-231074
-600702
-748576
-180169
-790777
-553475
-382841
-786272
-937874
-485487
-418671
-379343
-651146
-655072
-723940
-345835
-183127
-439687
-963387
-191333
-204866
-442067
-719210
-161142
-713471
-244844
-589424
-225028
-224481
-202573
-611743
-722457
-803376
-360319
-169427
-860953
-180594
-552369
-914026
-118468
-304657
-332697
-764712
-955904
-254570
-755453
-301738
-704598
-195140
-531926
-896032
-666908
-240794
-615241
-94851
-221065
-126886
-684376
-446194
-351468
-887050
-57936
-73925
-957226
-685157
-243453
-84879
-865852
-795923
-999006
-251120
-367380
-598503
-282633
-323284
-853174
-38086
-891924
-557772
-233327
-690651
-453803
-900336
-931545
-69044
-995288
-152610
-196031
-946465
-865706
-814401
-833515
-190443
-888427
-57441
-875700
-398681
-142421
-8252
-461405
-408227
-526274
-828886
-6730
-809008
-152169
-860005
-847195
-310894
-684577
-347323
-1544
-138380
-514460
-933190
-474326
-776549
-352601
-937259
-723014
-218307
-18360
-823329
-408850
-906888
-880871
-551351
-572370
-290092
-826505
-33775
-965221
-619579
-862761
-972052
-428587
-281731
-98757
-275781
-592726
-783435
-890006
-594371
-188616
-404465
-794362
-929844
-181014
-146963
-133803
-904128
-632171
-152264
-727457
-307822
-325953
-875129
-125974
-898424
-432022
-219280
-932299
-397243
-838960
-61760
-636096
-267546
-343592
-734953
-810229
-936419
-518388
-700235
-797590
-973905
-371501
-591952
-903749
-552615
-5715
-304352
-723544
-637987
-456717
-451001
-212610
-782770
-592931
-338685
-681194
-291753
-558066
-880294
-689097
-397025
-942155
-591993
-931473
-285747
-326946
-741702
-488966
-112135
-708738
-553357
-86040
-80238
-412110
-256589
-899755
-417926
-561042
-623299
-322714
-284560
-341101
-535425
-334131
-200833
-874211
-282125
-492687
-432276
-162419
-448584
-96102
-104573
-40577
-27575
-657222
-634425
-36078
-412989
-746661
-11617
-966447
-99501
-358757
-378556
-356191
-258512
-796583
-184034
-148612
-119296
-735496
-756615
-921623
-69626
-957548
-795833
-351852
-717036
-494910
-514372
-165620
-591113
-885847
-473099
-885590
-809869
-107524
-188469
-222858
-854285
-200187
-189304
-953887
-825845
-834762
-576879
-351158
-631345
-27714
-499870
-17442
-763311
-256485
-939165
-833038
-480834
-1698
-184890
-197869
-496709
-966163
-630391
-354623
-118710
-370290
-507014
-928680
-477915
-695584
-418338
-599001
-162572
-607743
-819689
-988518
-442505
-396568
-339675
-340651
-424383
-106346
-624994
-187693
-629733
-830960
-287532
-110566
-99459
-739323
-575337
-596269
-972287
-472529
-217693
-90997
-842920
-991609
-286477
-587635
-687193
-704916
-186636
-116566
-579460
-6324
-371884
-21965
-669794
-711660
-629518
-360977
-84807
-521313
-548771
-714641
-352273
-103104
-92008
-451833
-842528
-934247
-314903
-814815
-673576
-799498
-172612
-516496
-791107
-459190
-104131
-745101
-430907
-557668
-861767
-10367
-564093
-233651
-299234
-500688
-212112
-195553
-861766
-297020
-716966
-677338
-278462
-336040
-780542
-637371
-54673
-889871
-838419
-636478
-971486
-511995
-435975
-144098
-295291
-227082
-870190
-399523
-238983
-567898
-223992
-100750
-578366
-54886
-334502
-877701
-555674
-813516
-340055
-417440
-377337
-57021
-94777
-655900
-659962
-142120
-560072
-714736
-31991
-398490
-351214
-3477
-177286
-787290
-414477
-472678
-281172
-551468
-139001
-787057
-119366
-363094
-887908
-964634
-418080
-489211
-109035
-973855
-302727
-449190
-658096
-680165
-506312
-752974
-602866
-433075
-895195
-162937
-147811
-193986
-828329
-499125
-197564
-5615
-553216
-878942
-745194
-101189
-430410
-884296
-888347
-816677
-514191
-42955
-781311
-932372
-532267
-890446
-172927
-101795
-606437
-97823
-782061
-379550
-117598
-651727
-812725
-12792
-81465
-960637
-473680
-909895
-726563
-671345
-182311
-546579
-817088
-927606
-914670
-514298
-811902
-803016
-330975
-592893
-112772
-379087
-525265
-645139
-536334
-965093
-13735
-142771
-329717
-62596
-522421
-447416
-714424
-601947
-460309
-795990
-562584
-200790
-705885
-555947
-138935
-154997
-102526
-956124
-82602
-17196
-470422
-161305
-87013
-68198
-754299
-199885
-447385
-546364
-111825
-250520
-778258
-125661
-660192
-107975
-188358
-449414
-555492
-169583
-51361
-282601
-965674
-880847
-483492
-938360
-436794
-622528
-93356
-806222
-578651
-176059
-823518
-315874
-604266
-177332
-650973
-358564
-644119
-365159
-905029
-756045
-615780
-683287
-881806
-275972
-791363
-336965
-725487
-346855
-506648
-776949
-896358
-739123
-657795
-379849
-677482
-361390
-2377
-770939
-167611
-847930
-213799
-257930
-430604
-818166
-435363
-81577
-443531
-79481
-446837
-615361
-102327
-62617
-298648
-250934
-605490
-356812
-587999
-330977
-970568
-361448
-374726
-866926
-100571
-299322
-246775
-778154
-927614
-516053
-815894
-95225
-630784
-296494
-620057
-61388
-381460
-322220
-143066
-91792
-668603
-856805
-707253
-771031
-919522
-5901
-288765
-791813
-629614
-143565
-389591
-600182
-505114
-31118
-733909
-605786
-330541
-247484
-650740
-524955
-30338
-733435
-887082
-661223
-296729
-507138
-722711
-678290
-96159
-132578
-36883
-764863
-989483
-744237
-802695
-175705
-16938
-91460
-967619
-646653
-235126
-624011
-513636
-7041
-655229
-247545
-879728
-252571
-495130
-797269
-777627
-792370
-530704
-664708
-453592
-94234
-171846
-443104
-39325
-534907
-575783
-76308
-299770
-832067
-820646
-369266
-7772
-837685
-727627
-242192
-484338
-962854
-866303
-998075
-236695
-521532
-512420
-116423
-40904
-274351
-913793
-818631
-66720
-711298
-483339
-520413
-805632
-922087
-963618
-845058
-456994
-806202
-921467
-23565
-638268
-8812
-392932
-912942
-846598
-120559
-155133
-597736
-350213
-288237
-862612
-587009
-76570
-375032
-970334
-117575
-916284
-884127
-936307
-983105
-862226
-686447
-770319
-667858
-608534
-637
-779716
-332329
-806940
-967984
-622796
-712009
-976897
-282528
-624950
-90194
-403188
-46884
-688031
-20202
-335222
-817444
-874113
-411893
-192475
-844447
-796370
-108759
-995375
-732676
-358665
-857600
-419123
-128984
-792259
-294457
-396523
-838776
-893688
-203463
-806759
-516483
-182272
-50356
-799112
-74023
-407452
-469101
-121008
-95483
-489403
-723132
-913027
-630317
-401826
-372303
-741564
-198196
-747964
-736939
-930973
-106629
-861340
-616896
-502515
-920399
-178154
-899139
-759175
-71842
-369403
-832735
-588426
-551776
-883191
-387538
-625900
-290643
-856739
-13709
-653027
-612943
-736942
-832855
-243260
-138768
-471959
-251625
-337064
-219923
-988664
-534838
-593454
-116704
-151734
-362770
-37103
-329989
-261909
-796378
-401931
-898214
-629113
-257158
-449989
-779105
-644796
-342690
-336548
-768336
-356499
-256376
-381279
-93441
-356032
-891441
-499110
-828092
-143065
-836275
-314816
-398530
-371113
-175071
-515335
-789748
-537942
-819339
-386538
-66652
-615717
-55270
-964967
-511631
-312528
-681757
-557536
-224125
-24446
-160885
-992562
-647847
-684163
-640642
-8089
-40195
-798884
-507300
-135088
-208750
-610376
-716806
-607381
-248289
-891978
-389516
-304838
-696721
-208855
-691477
-763474
-91373
-13547
-995242
-869906
-326176
-676998
-427442
-817203
-968346
-855229
-76465
-882994
-539392
-717208
-157884
-579688
-782893
-665284
-981678
-991743
-542461
-698484
-865925
-790851
-857263
-255441
-95689
-553984
-731198
-53966
-584259
-89372
-67614
-846301
-959378
-660692
-790100
-653621
-477895
-25146
-508849
-821262
-908241
-315042
-538470
-66125
-161530
-588164
-998311
-143208
-846708
-540771
-841792
-712632
-598423
-965856
-234874
-961013
-786640
-232872
-281780
-637700
-322345
-349495
-484001
-281723
-276988
-274101
-202144
-21684
-299348
-977895
-843047
-474390
-292937
-648318
-540615
-454568
-236482
-805727
-597876
-349990
-613299
-706469
-62622
-211721
-672325
-564398
-439535
-725766
-797371
-721416
-363465
-119715
-337712
-847567
-668340
-881602
-388468
-870585
-903387
-687917
-848480
-13134
-429107
-408217
-661553
-236523
-862886
-164836
-42250
-727563
-514927
-655649
-434032
-844451
-134171
-373157
-408848
-840608
-98923
-206219
-562024
-729290
-592836
-166537
-576856
-261175
-48139
-965425
-398561
-218327
-920143
-513841
-231562
-349250
-922159
-893216
-585874
-51745
-324853
-895025
-779408
-839880
-817475
-480241
-684331
-951747
-853499
-93179
-792355
-219222
-566299
-621180
-948613
-159135
-54518
-792270
-687212
-369559
-24395
-352573
-587987
-211338
-866515
-819650
-560689
-55374
-979667
-413363
-107220
-304520
-575189
-886729
-411201
-392664
-366969
-362332
-344411
-487269
-455612
-403567
-973393
-288712
-291548
-188705
-714748
-612968
-981076
-401960
-982628
-272271
-21334
-570615
-483710
-887950
-657066
-311200
-943425
-636733
-991465
-50644
-208054
-566654
-204174
-619355
-959419
-571244
-981788
-570631
-58512
-704201
-240999
-298706
-259713
-799449
-487512
-974562
-412417
-468587
-643323
-395045
-740959
-664757
-232461
-491470
-552707
-889628
-802771
-762932
-526361
-794235
-80377
-734515
-360889
-284652
-620671
-320307
-122696
-869260
-157739
-448110
-573461
-398838
-746917
-833275
-198287
-234428
-74537
-610804
-969917
-717960
-272650
-710876
-382717
-505211
-202346
-202225
-394839
-271918
-965258
-188000
-66153
-312436
-189316
-427142
-597188
-810088
-14250
-719985
-679348
-172090
-168095
-519610
-837830
-915113
-352884
-302917
-149541
-427522
-913822
-119458
-412283
-453273
-97135
-795101
-958585
-566383
-264126
-620224
-838401
-229384
-808325
-171355
-541920
-997742
-865399
-405909
-74530
-879750
-125894
-753979
-318640
-560891
-540390
-423271
-476004
-893375
-726289
-892446
-587697
-906912
-278705
-266781
-360184
-642741
-328682
-318769
-475925
-592909
-939094
-581127
-89094
-14119
-752582
-897916
-11861
-617981
-303825
-86492
-764531
-696621
-107272
-349972
-257512
-647762
-773344
-316
-807938
-499632
-159563
-662436
-406544
-438369
-929317
-33529
-347911
-257999
-619199
-823936
-851009
-558293
-405063
-206904
-839313
-424446
-104819
-851275
-42426
-408745
-204567
-807058
-372166
-578741
-423831
-629779
-226503
-197175
-896997
-34440
-963709
-56560
-963778
-637053
-761830
-893095
-670683
-109741
-417895
-289882
-200478
-535705
-114975
-605641
-742709
-954389
-296888
-847629
-72364
-339415
-523175
-277032
-413274
-895442
-855873
-837206
-792021
-349177
-301181
-955819
-650519
-264890
-279179
-614296
-168744
-41009
-774192
-839527
-417652
-458887
-396210
-618230
-994693
-511286
-490672
-4102
-732476
-787661
-851832
-804940
-393876
-641807
-348773
-807251
-804050
-471447
-911257
-862872
-820724
-212438
-818690
-738044
-744230
-97869
-352340
-913074
-405780
-393332
-19301
-823533
-852320
-415612
-708564
-113713
-193698
-466037
-117915
-926275
-520498
-236548
-998016
-914475
-878456
-613589
-988527
-949306
-85036
-166484
-812178
-172561
-645824
-897669
-910705
-656854
-262339
-529846
-569928
-668220
-189979
-856131
-758553
-309100
-271743
-733918
-422913
-732343
-199954
-807730
-658617
-987354
-44278
-923434
-168529
-189534
-537023
-157056
-138840
-622159
-590441
-217819
-61521
-236265
-382288
-972327
-893220
-644728
-768973
-729949
-579748
-959053
-586080
-338301
-534953
-124623
-72219
-957967
-857067
-539075
-765697
-782485
-526429
-76776
-705918
-695059
-266411
-242941
-118915
-672153
-131901
-976258
-156772
-193522
-212523
-539161
-432650
-372543
-183889
-468424
-369293
-763738
-694277
-222173
-368840
-229230
-346897
-707960
-187197
-470765
-247035
-219695
-520050
-40264
-296572
-225968
-2124
-829884
-735811
-387941
-502037
-134512
-364199
-658910
-328135
-843623
-198071
-27586
-216166
-648861
-496110
-852361
-679400
-190387
-74534
-48239
-686519
-688333
-756300
-140517
-159097
-270136
-360313
-946049
-577302
-656986
-172017
-579526
-486870
-174629
-234268
-255707
-309242
-598567
-914718
-904279
-708991
-379589
-931965
-191958
-28450
-694876
-44319
-707951
-152064
-118953
-22991
-838684
-807387
-779392
-979302
-233285
-316328
-606416
-446135
-893731
-530203
-618253
-473257
-283873
-59682
-974426
-539681
-635826
-839794
-721200
-540104
-548785
-100789
-738870
-740844
-396141
-433746
-785264
-370892
-852712
-171018
-660785
-691396
-245205
-440176
-937499
-745392
-23305
-543915
-191526
-917137
-74118
-809880
-657194
-358092
-136363
-631620
-164574
-772289
-471414
-885874
-312393
-20199
-253464
-318064
-27844
-916506
-751911
-813209
-554199
-604623
-984327
-214984
-562820
-229532
-922062
-500319
-975025
-945468
-311035
-433352
-862604
-385254
-243231
-519798
-10146
-646496
-151418
-174821
-418785
-889734
-60695
-998080
-910034
-581060
-582945
-204679
-497566
-334856
-17888
-51765
-206280
-269016
-266850
-35901
-765450
-188911
-803122
-7174
-401180
-114157
-440627
-263784
-766312
-950760
-50383
-776559
-597255
-201902
-218181
-282841
-358437
-278976
-547721
-535272
-126837
-130666
-740052
-624504
-732423
-758040
-676370
-205504
-293857
-210021
-241505
-59306
-665834
-311428
-333382
-67013
-425685
-774110
-330898
-458798
-991670
-381381
-235357
-855726
-850185
-453639
-405368
-475422
-999517
-953190
-10694
-393155
-350656
-750846
-17659
-349880
-775687
-960931
-555485
-69544
-437752
-63791
-395752
-103586
-642120
-729235
-170700
-67805
-770145
-768499
-526704
-28515
-416681
-28862
-884342
-533667
-749403
-289710
-9089
-15619
-509700
-19883
-408875
-127157
-37530
-693435
-477138
-813318
-654366
-299424
-149663
-358919
-630116
-545515
-462605
-272236
-541551
-900207
-606943
-578497
-935507
-133647
-607113
-618989
-429411
-491455
-419456
-445615
-47965
-695447
-461335
-557766
-982232
-137010
-685024
-19762
-97246
-428963
-833181
-751713
-728488
-982944
-110631
-625405
-795260
-840138
-897742
-336811
-740345
-504685
-182108
-942652
-905234
-789322
-561641
-601446
-547577
-247898
-47060
-595643
-943445
-775297
-420210
-925677
-912408
-372035
-945539
-276455
-801099
-45420
-28167
-796388
-28364
-405700
-421792
-90425
-512639
-319534
-694137
-519785
-91019
-876346
-462437
-996354
-932469
-290878
-597799
-480046
-538877
-911761
-75689
-482322
-687058
-762801
-407998
-866266
-134836
-353537
-142721
-936036
-665859
-437790
-732423
-961124
-110291
-154215
-51549
-623031
-740651
-745787
-142815
-831771
-888934
-872154
-828124
-821402
-163032
-692724
-301448
-968810
-604485
-644038
-451132
-558344
-406839
-125931
-424610
-541775
-746370
-834232
-744612
-412228
-272022
-477035
-373352
-382413
-898152
-691803
-272245
-638802
-437589
-681962
-737374
-326523
-554115
-832299
-414726
-984049
-525023
-716274
-952859
-396309
-627113
-670791
-954753
-33952
-63523
-646164
-842629
-809993
-480396
-587240
-222221
-19218
-331076
-862475
-401732
-229227
-554278
-940879
-134830
-258668
-622840
-872305
-852092
-176955
-704603
-266818
-427805
-229626
-249893
-647464
-892836
-877107
-318255
-114289
-177859
-381879
-760554
-20488
-458673
-240949
-874630
-680995
-260268
-205705
-810271
-928902
-435033
-364548
-869781
-836765
-890118
-759422
-709070
-742210
-936478
-413673
-9027
-631083
-910200
-259021
-278547
-803036
-136127
-596903
-917426
-314087
-245583
-944781
-601477
-704356
-452531
-476106
-652152
-979701
-681912
-729223
-908603
-383746
-93771
-45083
-220511
-250690
-804606
-196382
-993000
-7783
-610155
-2027
-638967
-787156
-527950
-184315
-590192
-930979
-48019
-774419
-511867
-293703
-986001
-113343
-264860
-438531
-856351
-183812
-418232
-805064
-913136
-593635
-188810
-273708
-905620
-676223
-524499
-710226
-872706
-517499
-984911
-749662
-786428
-890679
-536818
-314377
-74994
-393811
-245356
-389915
-435031
-24023
-683718
-421031
-137467
-215379
-859663
-260619
-399292
-277895
-65683
-312428
-138331
-521395
-853038
-43951
-464419
-377536
-20977
-337125
-895136
-272689
-86786
-681563
-163367
-890506
-262741
-505263
-284316
-774999
-895278
-719448
-799123
-845797
-140479
-203391
-61176
-266943
-464111
-727369
-811739
-796696
-306598
-950171
-318091
-159635
-994222
-782611
-537272
-282000
-386536
-432408
-554790
-740224
-380772
-718258
-630730
-910415
-490321
-915147
-685413
-385599
-901395
-484536
-498197
-308675
-688027
-826275
-575718
-418939
-553644
-387457
-215634
-860342
-337628
-533826
-19977
-598651
-583237
-824151
-147452
-969874
-523360
-702342
-710098
-170932
-687401
-607629
-81347
-177722
-789576
-766861
-830223
-690971
-251396
-595221
-999747
-206224
-421495
-575465
-892065
-975240
-229723
-107699
-102282
-834252
-908426
-389161
-699704
-491663
-480113
-847256
-728338
-3472
-816399
-705237
-174505
-503800
-312866
-255953
-948423
-102442
-289614
-45346
-793514
-807912
-640667
-59960
-14136
-62162
-902327
-906302
-304203
-132049
-280801
-673386
-233102
-189227
-329348
-932907
-947792
-809561
-46863
-676130
-79834
-863363
-381367
-254440
-633963
-694334
-777295
-582386
-63576
-66909
-627833
-857191
-874922
-535301
-183952
-155859
-864365
-86278
-328961
-435368
-485229
-609863
-375555
-718432
-65891
-705004
-918140
-280484
-781366
-965103
-956715
-861301
-95166
-604883
-382542
-729230
-566018
-159836
-311616
-629695
-493647
-206249
-753686
-635369
-8351
-937739
-58029
-872816
-24017
-653892
-574985
-509347
-530556
-950641
-494580
-596548
-655645
-412719
-877133
-437010
-644623
-100548
-298311
-739890
-705532
-947754
-469119
-538350
-107590
-47536
-168045
-868139
-520687
-921832
-770309
-529138
-859570
-828438
-668755
-150388
-482330
-243740
-926636
-12885
-194381
-688017
-876335
-850127
-100736
-753467
-553938
-12160
-120816
-119049
-752150
-93148
-66803
-221269
-631599
-441295
-535707
-799745
-309434
-56393
-988377
-79742
-585632
-847947
-174981
-521188
-265136
-657412
-765029
-191772
-937199
-959511
-879889
-813533
-76338
-247426
-833801
-630376
-259686
-954718
-749526
-278637
-47866
-83130
-766808
-679566
-524526
-302515
-746111
-100761
-625810
-734488
-180604
-478243
-849236
-622487
-999532
-114372
-279898
-764561
-573045
-483898
-724072
-719735
-297431
-800510
-233962
-131232
-697687
-493749
-352750
-447213
-39187
-667518
-797245
-806096
-613884
-321771
-108610
-359995
-422633
-1221
-361284
-870138
-479564
-210520
-492625
-479096
-591794
-39324
-243656
-164839
-523322
-234529
-884675
-87554
-35039
-385437
-218886
-732827
-145987
-838538
-446841
-185274
-772857
-510887
-991471
-386741
-832759
-366882
-13537
-522192
-368203
-374922
-659131
-847868
-585543
-151756
-326964
-177336
-457981
-837522
-609077
-981404
-72050
-760552
-68958
-373991
-145989
-554746
-106817
-292077
-660085
-820560
-477452
-432941
-331446
-735723
-819783
-431006
-102605
-833420
-953299
-737710
-475143
-612430
-852379
-60685
-30986
-446143
-504923
-489068
-283665
-114000
-737273
-355816
-874653
-73032
-729907
-20642
-627878
-103525
-312819
-554764
-190886
-57072
-987806
-789234
-792896
-74288
-220239
-162301
-174509
-440339
-166812
-649753
-319569
-19190
-710539
-350656
-465434
-482263
-106525
-15900
-596363
-110599
-371816
-471016
-183732
-368524
-758559
-78411
-738951
-338179
-633275
-929938
-662153
-887882
-719171
-455048
-962271
-206211
-884251
-403581
-646651
-51063
-53333
-233021
-337155
-30673
-850579
-69390
-513036
-957205
-85390
-376200
-334605
-724108
-114017
-518437
-92632
-872677
-596949
-98384
-477657
-497025
-295123
-139809
-651707
-281095
-861759
-613978
-487407
-746010
-284359
-400858
-63874
-337793
-633980
-401129
-368567
-751359
-470620
-148404
-975365
-822912
-524705
-309969
-547020
-638822
-828507
-906554
-778300
-692257
-4938
-255956
-456082
-300161
-662667
-107789
-581357
-524426
-988669
-335564
-537237
-273028
-736523
-601212
-610922
-637304
-269142
-246289
-388663
-6562
-661595
-364027
-96275
-453100
-940898
-643395
-91922
-769405
-549949
-137023
-728463
-821788
-659881
-184545
-121949
-322548
-559236
-970208
-113775
-547904
-305772
-651113
-821033
-309096
-519125
-698755
-213200
-55068
-945145
-868765
-328532
-873541
-499593
-424907
-326641
-440491
-68302
-685465
-476697
-885153
-822588
-205159
-706941
-482469
-656606
-95691
-71817
-215841
-332699
-185693
-763846
-638572
-836906
-851680
-214468
-622832
-550435
-427769
-678001
-762381
-563335
-6532
-902722
-62927
-698341
-229363
-503519
-33444
-914928
-247016
-185398
-4216
-452276
-892439
-486786
-375683
-254931
-825505
-591625
-587731
-11197
-622272
-493103
-114904
-740752
-707672
-737837
-291187
-402242
-682639
-320368
-965678
-956073
-223090
-295406
-654414
-719355
-65725
-954760
-634283
-312842
-140157
-638600
-31919
-299397
-392186
-407703
-554429
-217691
-999428
-142159
-495790
-888501
-902164
-610795
-629253
-609836
-615433
-187240
-278879
-298071
-774510
-511358
-520945
-264401
-806864
-175358
-983857
-872690
-130118
-618139
-452333
-537177
-523540
-484353
-836675
-915827
-892157
-391103
-400318
-158285
-800164
-896209
-46785
-702328
-773804
-942940
-578965
-389237
-130180
-857945
-954210
-171491
-369303
-475154
-435993
-442968
-917414
-419849
-582459
-314333
-304789
-34792
-851610
-95130
-519246
-688285
-277757
-411402
-346189
-678176
-569788
-146353
-841186
-616674
-115482
-881791
-826414
-961349
-537828
-223395
-85994
-492038
-394986
-722198
-233993
-97780
-165166
-151407
-784531
-747725
-732641
-356121
-782618
-584251
-451351
-301863
-539337
-996010
-713366
-885626
-674186
-549955
-298780
-782173
-433429
-414362
-663963
-259843
-642512
-201791
-483339
-728606
-960731
-145126
-450804
-194723
-243006
-616071
-613032
-294338
-630597
-345673
-650559
-413214
-196725
-101910
-981979
-736162
-97920
-962146
-621788
-38907
-512101
-920669
-87881
-212331
-601832
-18645
-472275
-511144
-220537
-222414
-239750
-448068
-367641
-690655
-909693
-877549
-573527
-522725
-171886
-470924
-135198
-89246
-150939
-332024
-191257
-132918
-68186
-556079
-361865
-956876
-861888
-874067
-144244
-216570
-86397
-12877
-235315
-825574
-524122
-722754
-47988
-763973
-170822
-682530
-721429
-80515
-826880
-561756
-870141
-265567
-32680
-5339
-354914
-183720
-337464
-813073
-583540
-672551
-635953
-945506
-629427
-764642
-86273
-773772
-981312
-439572
-786749
-216627
-265145
-310871
-206182
-580035
-341644
-643905
-529366
-63073
-991322
-356245
-624930
-861463
-888714
-657711
-133603
-243627
-108232
-471167
-56700
-691873
-410519
-959554
-637379
-39946
-724196
-723752
-813818
-705508
-430125
-867368
-188936
-695371
-178239
-662019
-542206
-519984
-305924
-71572
-849958
-297246
-694719
-474888
-425509
-850233
-399399
-559213
-93860
-507732
-297181
-417462
-466405
-707801
-377016
-103784
-14547
-101211
-94337
-95166
-73520
-524562
-962635
-262556
-486734
-407675
-924676
-28940
-194459
-497401
-367413
-44417
-794748
-328933
-786207
-487058
-179166
-452407
-313071
-273127
-960239
-877154
-957490
-426644
-584954
-334506
-797330
-866403
-702619
-891767
-961670
-776239
-683130
-191005
-38795
-169864
-598781
-230272
-465705
-60041
-727774
-833219
-104559
-789323
-162152
-157566
-543181
-608219
-610074
-856353
-148147
-837114
-733507
-105637
-530559
-585262
-707044
-327888
-451665
-409663
-486456
-680136
-185902
-169586
-871242
-491599
-606352
-470022
-988773
-72057
-530164
-716547
-172077
-901624
-772670
-601130
-325991
-315851
-209349
-202866
-172204
-357597
-39979
-172512
-463334
-570639
-757874
-170378
-165328
-476340
-846943
-651885
-156475
-32844
-88272
-27717
-791345
-961525
-764641
-780117
-300383
-294804
-763465
-472560
-463229
-536135
-73690
-56021
-852087
-283140
-258988
-291092
-640838
-299068
-730505
-370973
-136507
-488379
-808253
-301936
-231520
-655195
-220621
-388096
-954941
-575795
-682714
-746286
-537320
-447355
-526403
-837803
-8960
-289867
-577164
-739091
-92803
-650955
-795213
-211690
-200896
-54200
-502883
-108535
-620170
-500189
-479608
-756778
-255369
-554662
-325514
-486989
-209857
-813037
-141886
-431599
-388832
-824701
-177884
-192952
-538856
-971189
-30755
-547917
-527857
-608020
-287007
-887561
-525776
-349021
-99251
-726773
-670123
-869036
-835409
-290292
-369224
-581818
-313871
-624694
-136479
-906287
-111683
-613238
-719324
-520470
-311637
-374956
-345171
-756423
-568009
-150828
-994413
-865666
-698845
-522269
-740487
-252653
-409830
-266263
-868576
-775983
-259837
-538698
-645019
-362047
-95791
-14243
-943965
-409763
-905838
-347245
-582850
-284322
-227284
-302174
-804893
-539022
-677231
-416864
-295445
-512041
-567793
-289857
-377707
-533439
-78927
-118194
-786193
-755659
-651359
-921569
-531642
-911297
-460267
-176661
-273343
-556159
-457805
-484109
-232723
-363643
-831455
-815674
-648066
-325540
-384648
-719759
-864662
-328680
-136623
-426908
-840821
-971318
-983667
-485329
-504756
-62594
-603623
-557750
-85054
-521783
-479319
-616797
-433079
-939687
-60258
-973324
-762647
-784965
-457433
-262170
-415409
-555689
-344645
-330276
-881330
-996195
-50035
-12692
-324874
-453560
-439700
-432496
-424877
-423367
-917926
-929734
-752862
-788350
-487484
-104717
-310132
-966903
-721614
-743312
-173290
-48673
-983437
-202737
-100439
-440870
-731809
-515949
-996660
-76454
-846326
-144690
-72648
-163161
-157482
-664424
-616822
-864084
-96920
-41699
-554252
-281647
-971534
-307114
-69996
-459017
-678732
-380229
-692721
-400346
-390342
-132812
-715921
-373779
-602451
-816461
-81450
-334260
-599211
-344911
-410814
-445537
-489702
-750364
-875600
-647285
-414788
-492421
-778170
-778610
-534221
-332421
-60257
-505754
-906437
-130354
-231572
-585169
-777485
-191094
-252316
-434628
-590808
-968338
-808508
-193258
-51499
-156759
-527619
-650811
-501771
-938534
-363148
-991573
-955699
-238748
-905659
-370487
-998071
-683828
-149097
-532291
-283050
-209454
-304846
-189487
-606710
-803320
-774756
-384194
-994515
-27072
-818923
-585323
-262210
-894231
-778682
-580611
-317791
-573101
-498222
-819662
-511635
-128171
-77935
-467333
-367020
-250395
-104621
-631891
-201024
-253818
-164182
-484175
-730174
-469129
-673762
-603685
-272449
-715319
-254680
-533765
-9192
-340403
-385889
-271503
-234634
-431371
-852214
-819327
-4472
-350436
-638989
-783009
-745509
-983826
-517143
-379330
-234220
-621864
-11221
-702146
-142483
-175504
-453121
-139458
-911535
-126883
-743244
-450785
-109003
-998024
-251351
-118296
-338427
-637340
-656700
-839963
-68711
-775715
-659290
-73284
-392952
-565079
-856394
-138461
-548905
-640337
-517892
-49926
-262201
-529213
-752172
-671586
-971619
-205293
-811145
-883153
-599078
-821190
-333938
-974983
-819214
-852190
-93279
-424442
-489530
-16780
-264405
-825143
-792596
-190495
-898528
-185548
-755675
-21622
-324110
-571381
-662060
-842102
-621407
-191062
-371315
-640380
-129449
-342934
-112474
-940695
-492888
-978454
-28584
-93626
-953437
-847899
-945917
-313517
-539141
-435447
-330397
-70347
-260590
-122993
-260943
-425919
-308641
-283419
-714443
-899653
-121600
-643303
-741755
-9808
-101166
-379871
-650289
-230715
-989706
-29564
-438211
-482594
-8018
-466896
-576321
-228256
-581595
-789039
-808675
-120736
-224486
-139072
-191184
-751978
-528966
-719028
-444698
-104408
-269248
-425941
-4061
-390949
-69244
-745916
-400858
-437312
-392588
-317948
-668128
-382294
-614414
-106338
-864988
-622533
-573335
-708110
-117590
-421731
-497148
-926365
-542568
-988536
-332238
-552
-740513
-861305
-986482
-452012
-232514
-255730
-878054
-236675
-913580
-214099
-249392
-314438
-651511
-642081
-899287
-586440
-24374
-513701
-692879
-156163
-403034
-533014
-864374
-520725
-954846
-361522
-713891
-764214
-350057
-46128
-31567
-357371
-174234
-18049
-76184
-406848
-273880
-221038
-910425
-187460
-435238
-159817
-768799
-353550
-801999
-668086
-940090
-93174
-181787
-899770
-249438
-584922
-699585
-113811
-372447
-921231
-475434
-86338
-952246
-92292
-399368
-983914
-716565
-573702
-1963
-792849
-247351
-542745
-13887
-157776
-730305
-716027
-317694
-765905
-69576
-386494
-433991
-276467
-479768
-882680
-443038
-729307
-734402
-142622
-109919
-106849
-330654
-852254
-460089
-282900
-944647
-859557
-266814
-661211
-700060
-535679
-720861
-947512
-78424
-734849
-372089
-75530
-450876
-689884
-841536
-787354
-343179
-542328
-63821
-89748
-691808
-773760
-85855
-426210
-183183
-195875
-799961
-513938
-48129
-260050
-63639
-259576
-386408
-597355
-187588
-86468
-133034
-908550
-300781
-478360
-643399
-672971
-553990
-361076
-629656
-662327
-148429
-239635
-471455
-479152
-329484
-163263
-252912
-415440
-589574
-702997
-611415
-656336
-216935
-926446
-916487
-547476
-452823
-302894
-144831
-640512
-656264
-544767
-815863
-223845
-289927
-726063
-896917
-110718
-87138
-793373
-39846
-502469
-33008
-511402
-981722
-362593
-674766
-501434
-44833
-531141
-204431
-656349
-187477
-688267
-849596
-370764
-235743
-569219
-940560
-647475
-209731
-596824
-459043
-292394
-820770
-749071
-18457
-984487
-126590
-372497
-44560
-166536
-875067
-77669
-678039
-123488
-707164
-619605
-891824
-752098
-150746
-363056
-675248
-605124
-51323
-791644
-975989
-553967
-360863
-916549
-468243
-837496
-780174
-927387
-129890
-867744
-943258
-148447
-118931
-69848
-521045
-163592
-236485
-662912
-241362
-181324
-786501
-215327
-801030
-945126
-967525
-218577
-308182
-909574
-823802
-359605
-701218
-799791
-180373
-62081
-983141
-648717
-899677
-763314
-842905
-29567
-631058
-786163
-444916
-750090
-122811
-232761
-913783
-626198
-895774
-421946
-807623
-949076
-904175
-608653
-894202
-138400
-827330
-202384
-47973
-651132
-828891
-749292
-717723
-9264
-78173
-700864
-658082
-244651
-730979
-500986
-541120
-362037
-553950
-986136
-378928
-676862
-485698
-559512
-569860
-381472
-248259
-377483
-597349
-152433
-252936
-491551
-557735
-80266
-960837
-605809
-998300
-789727
-621901
-982824
-799092
-700175
-683687
-723974
-211627
-414666
-491761
-752848
-43503
-312512
-738984
-422532
-256174
-224682
-248844
-826135
-873056
-497204
-203618
-470405
-916539
-456655
-228757
-474273
-803823
-189593
-80082
-802122
-246121
-968885
-784946
-45213
-935861
-735434
-35988
-147488
-416900
-527850
-900436
-460504
-107162
-906221
-149837
-363437
-397703
-398782
-189572
-270759
-896086
-393291
-7964
-79325
-116746
-503623
-553699
-920670
-693317
-900682
-989593
-939539
-869567
-41238
-251552
-805427
-776773
-554442
-219716
-460474
-349092
-120152
-921079
-456355
-26372
-337716
-819893
-690977
-736599
-9465
-228537
-899486
-669658
-236602
-978911
-786505
-740325
-799411
-973975
-700443
-700093
-963568
-906782
-569659
-4806
-425135
-641887
-48379
-979678
-861704
-775755
-595571
-981956
-696833
-51926
-275129
-34549
-138620
-966207
-37949
-414987
-194744
-937535
-84644
-698247
-183146
-137950
-705373
-982658
-111925
-405816
-682750
-342293
-579399
-519210
-614001
-271335
-161097
-929282
-251012
-289602
-705036
-113384
-538359
-401869
-165410
-813589
-703320
-570932
-46496
-8070
-986019
-508141
-212406
-70663
-473189
-662454
-208714
-178562
-645111
-587540
-851280
-594662
-929934
-697479
-380673
-543935
-968915
-808672
-740017
-486728
-98274
-445053
-600212
-636733
-113723
-32423
-717123
-83844
-603456
-30419
-92015
-589475
-805462
-304521
-927040
-278651
-967076
-402554
-724115
-878988
-990195
-842196
-740451
-186829
-806476
-121124
-997666
-775390
-196597
-737683
-262118
-294971
-182736
-129131
-198505
-563361
-161655
-182429
-647306
-31911
-479750
-739421
-888288
-285212
-310743
-815327
-830765
-544620
-217881
-821681
-690408
-474877
-663876
-430859
-928608
-470352
-818884
-926274
-512543
-15481
-930757
-41461
-577354
-113493
-170693
-42660
-676954
-599249
-225189
-591061
-898062
-705040
-330482
-786350
-257052
-908127
-601677
-87817
-452746
-86359
-176298
-143154
-828138
-106975
-840915
-756746
-844229
-659799
-949820
-356771
-942181
-880577
-398333
-519535
-260871
-835928
-829096
-204626
-701978
-54285
-795787
-600040
-26126
-393070
-386389
-550080
-301196
-254867
-904798
-754043
-608127
-81096
-163998
-436265
-188172
-4913
-459811
-32401
-664812
-409631
-656074
-873794
-557009
-54407
-393329
-817981
-157135
-489226
-22606
-859214
-543612
-85194
-459253
-836639
-478365
-845743
-386719
-779662
-367411
-291517
-800506
-975639
-639515
-964605
-678704
-827788
-236318
-138515
-126989
-167931
-815048
-783164
-41725
-372057
-104371
-701956
-456839
-261607
-191181
-746347
-120821
-1594
-831642
-846976
-105034
-576807
-959520
-758654
-356469
-326930
-50171
-423775
-302569
-956587
-655181
-248074
-784375
-891600
-653491
-178165
-326332
-468539
-961429
-368158
-107397
-65800
-336914
-831137
-594309
-794997
-577484
-982032
-796692
-675926
-829007
-901826
-252733
-55227
-660480
-609303
-382258
-977553
-299879
-951728
-200840
-955160
-199802
-985315
-113460
-120093
-430281
-439892
-588733
-391710
-74851
-963031
-724412
-411866
-794168
-585522
-206863
-638453
-567553
-270355
-314379
-663361
-172181
-834014
-718689
-99462
-710117
-367747
-343816
-9996
-586276
-544756
-965257
-52879
-796872
-78716
-173073
-227153
-785510
-28606
-885764
-860462
-991738
-876977
-272327
-52606
-462498
-746092
-957961
-296852
-16447
-539140
-960314
-455530
-373154
-945804
-555093
-83271
-580352
-165709
-93367
-166628
-977367
-325425
-219607
-40939
-671043
-392781
-534994
-456553
-421488
-687559
-317014
-680027
-564535
-856243
-999535
-27033
-602335
-957495
-590787
-618882
-496635
-817902
-74412
-136590
-763706
-896406
-219961
-344057
-62115
-580230
-510786
-306283
-172456
-997295
-347323
-843599
-390075
-882418
-566953
-78364
-569976
-884068
-25191
-401312
-740311
-24726
-695247
-342645
-249022
-286034
-961628
-12458
-103936
-302841
-149148
-134443
-199247
-636011
-478601
-261463
-483042
-256187
-834648
-655599
-520283
-181971
-765999
-910459
-331189
-332951
-255623
-167966
-217019
-280915
-569379
-224130
-572543
-264626
-833677
-821665
-817562
-62005
-100924
-921599
-364947
-516974
-56042
-564294
-152985
-801544
-92558
-636128
-324532
-927306
-558527
-844916
-376078
-324526
-22074
-707368
-924379
-277798
-875435
-141397
-825615
-711615
-632429
-664959
-243042
-466106
-753425
-60604
-795013
-854449
-982304
-159960
-371423
-305146
-724355
-791309
-106690
-83713
-427437
-431323
-11019
-252765
-543040
-653999
-844192
-565215
-361366
-768571
-109814
-503602
-176769
-935530
-482017
-809299
-600488
-725160
-542206
-620714
-785864
-337219
-475163
-34868
-764080
-846686
-340115
-488435
-637995
-713707
-839050
-332233
-411831
-116870
-851899
-954971
-770969
-696091
-786987
-399136
-464662
-896901
-169539
-641531
-99131
-651657
-450830
-966521
-643617
-259836
-587234
-429481
-863957
-62397
-731251
-628037
-175884
-71365
-383272
-80680
-51873
-222322
-679814
-463804
-339292
-531713
-685576
-377062
-227804
-472563
-776299
-692567
-636265
-212639
-600899
-735496
-864396
-318529
-702017
-774814
-578466
-556052
-471096
-442423
-885350
-202347
-337260
-61234
-540614
-720633
-408815
-592587
-943056
-88629
-323192
-549149
-620443
-8768
-926312
-115048
-748233
-969412
-74416
-384497
-182050
-675415
-119993
-313247
-994045
-88811
-88061
-839312
-644963
-559258
-548536
-797114
-28406
-885897
-858449
-569120
-606530
-267264
-428508
-816386
-622795
-751801
-365535
-243238
-27370
-558647
-358387
-775704
-528059
-432903
-160201
-977011
-375119
-547096
-557059
-369164
-636007
-645221
-475277
-547771
-471280
-23813
-344885
-499786
-909810
-470135
-335707
-516340
-4199
-764316
-332726
-627095
-782918
-965162
-870433
-810389
-523809
-495621
-586093
-318669
-195325
-746394
-562480
-837346
-560291
-119539
-206510
-463099
-31560
-948689
-10870
-769742
-972602
-622657
-536329
-882412
-359592
-872137
-665553
-363892
-903254
-265079
-257788
-686172
-230241
-395022
-496561
-20851
-890743
-82653
-606422
-352869
-95848
-168902
-190214
-656240
-555342
-663626
-386139
-587003
-612314
-663911
-356745
-851717
-286567
-893174
-734129
-913061
-32011
-666483
-276953
-935365
-931663
-534842
-621537
-428705
-929964
-384898
-449657
-87407
-467652
-56078
-707178
-830402
-491882
-164193
-753443
-47224
-827919
-139582
-901129
-707034
-803593
-257873
-558751
-356961
-417848
-559681
-270022
-716761
-226164
-813877
-652126
-424627
-615520
-540463
-853433
-812285
-925462
-303089
-166493
-659915
-626069
-873771
-757118
-117951
-37964
-510561
-432076
-132684
-650243
-333205
-839819
-720637
-857980
-665371
-77598
-542629
-225052
-614522
-259389
-718117
-428399
-178316
-142744
-310720
-718880
-996278
-123004
-911143
-566168
-556399
-837859
-192237
-696971
-594977
-577089
-735035
-105537
-275966
-134520
-22581
-609272
-241139
-10019
-734052
-906611
-87718
-276681
-131662
-969142
-536171
-116580
-664342
-981388
-259425
-975163
-700268
-255703
-364968
-878211
-88671
-921467
-716070
-547810
-618438
-311046
-391700
-620274
-683485
-667767
-754894
-972968
-543839
-996134
-983088
-277891
-169445
-337607
-821474
-568009
-306749
-624445
-684690
-971192
-605833
-944216
-946355
-306101
-466719
-578123
-451113
-555491
-766391
-433983
-370102
-651630
-745130
-761902
-271903
-695416
-429669
-293598
-668384
-240309
-556533
-651472
-785102
-992880
-989180
-606575
-560888
-562730
-231020
-512379
-533922
-836954
-456594
-747078
-409856
-190114
-325201
-861069
-12406
-358393
-561853
-382609
-10022
-306983
-411312
-548827
-269200
-841081
-842526
-937685
-348191
-665860
-855958
-133292
-658740
-111838
-739968
-486429
-674669
-237789
-998908
-475392
-74743
-722303
-222470
-751501
-912518
-814572
-879371
-191725
-172965
-441224
-841236
-449889
-15008
-252547
-998817
-284309
-93628
-108043
-488795
-708721
-40704
-611554
-842114
-699544
-723493
-848883
-185973
-664963
-86672
-451682
-140355
-428317
-173985
-629726
-179817
-86503
-444298
-59188
-545130
-884165
-767313
-386365
-334053
-782422
-639013
-599671
-66730
-999543
-707814
-822427
-708264
-748619
-433980
-817178
-714964
-424274
-666061
-167737
-89236
-752833
-619520
-496493
-447951
-793605
-126219
-627869
-146909
-837419
-953958
-692139
-721583
-721271
-78504
-322437
-503693
-984419
-922209
-837325
-983962
-630023
-659751
-959027
-645442
-360532
-776205
-360406
-784907
-709066
-528244
-140944
-728700
-147763
-637537
-176651
-941469
-30557
-804620
-355179
-868076
-25278
-47318
-589659
-13350
-392724
-912197
-517144
-643944
-834406
-621269
-627906
-731229
-547821
-853733
-376671
-908454
-896739
-3878
-960162
-605805
-532222
-101105
-334505
-946887
-5443
-511256
-155056
-36101
-582677
-510336
-904278
-608056
-824555
-760738
-621507
-217279
-939736
-405452
-861323
-40841
-293522
-756030
-772171
-841444
-876564
-415643
-16598
-773302
-419622
-243560
-379107
-218645
-344766
-713712
-165532
-617111
-491769
-320689
-920114
-74446
-97825
-91091
-949404
-922481
-851930
-837712
-406561
-58365
-243164
-267884
-99307
-803587
-290714
-138279
-645031
-167278
-554023
-928530
-940681
-240446
-172090
-586588
-459191
-783758
-567101
-891625
-400869
-58870
-212313
-587784
-133417
-577040
-678976
-349622
-499521
-797706
-187334
-906183
-856172
-697400
-440867
-222280
-500987
-731682
-360660
-412818
-165761
-181484
-341348
-106441
-422031
-513539
-959931
-148023
-297297
-527032
-39647
-965068
-586003
-518862
-552852
-986322
-95902
-498628
-335944
-595524
-296334
-790180
-768508
-419307
-487580
-209375
-908489
-255367
-207858
-269149
-668286
-373719
-450734
-9634
-747062
-139566
-790075
-706993
-287689
-354173
-234025
-594238
-586042
-86829
-113100
-405695
-73151
-475904
-904424
-675997
-338229
-467559
-466177
-106737
-153667
-220558
-583013
-62156
-476026
-790972
-331406
-144312
-164691
-48941
-420848
-178554
-455408
-477724
-885648
-9898
-831998
-386474
-604237
-418040
-473404
-717438
-823835
-813457
-460143
-995060
-756255
-798473
-729419
-489233
-905311
-883187
-709891
-755125
-945443
-452718
-546096
-543650
-863931
-977689
-859492
-551580
-156242
-314900
-29303
-41890
-324899
-128102
-695265
-195937
-813043
-435470
-180176
-903679
-248926
-640420
-898739
-271982
-438893
-628158
-761315
-611005
-511344
-471206
-366129
-723588
-190725
-179026
-534039
-54656
-156715
-393531
-606336
-313058
-975333
-635740
-621849
-567033
-763943
-317114
-763071
-576986
-19385
-943348
-480665
-268412
-583768
-646204
-807295
-289462
-274362
-568610
-900567
-52507
-306617
-533497
-42896
-497443
-712624
-577035
-552199
-869440
-237367
-158535
-449298
-479500
-61076
-71147
-46533
-91820
-655163
-809704
-935707
-674649
-19752
-416372
-209861
-870421
-329377
-17156
-159883
-870640
-585867
-327251
-189948
-892585
-860849
-232944
-390028
-840274
-76780
-942328
-709713
-581049
-367664
-425812
-60549
-695642
-497060
-107182
-787562
-152223
-183687
-723269
-93673
-470341
-406442
-303635
-340762
-735919
-320892
-500745
-606559
-173560
-94797
-796608
-66145
-955746
-296353
-723074
-62720
-373234
-932203
-39234
-221083
-299866
-465147
-281733
-262309
-962308
-655817
-49871
-381332
-106305
-773241
-475105
-576746
-446483
-45541
-917609
-182402
-633334
-685155
-55762
-806995
-780052
-852471
-139940
-2498
-148823
-863115
-65319
-788959
-795318
-104653
-10042
-361985
-569901
-558676
-624394
-799009
-214493
-941167
-180341
-320898
-981208
-922348
-164445
-427691
-234689
-82054
-610194
-868124
-34009
-666057
-675119
-814162
-785329
-81860
-816761
-200953
-945076
-148881
-256712
-7093
-253635
-266855
-635980
-90336
-825632
-527175
-889446
-306925
-468341
-336588
-894725
-716350
-258935
-59170
-144041
-493725
-141325
-21036
-628650
-442236
-953995
-570570
-256398
-6024
-652530
-339960
-207077
-864407
-755742
-463890
-138301
-276178
-997647
-774381
-366615
-823278
-568357
-256061
-397004
-36698
-592749
-291729
-19849
-118485
-351000
-163991
-879112
-759227
-451929
-507762
-201462
-405924
-345133
-724762
-412048
-997764
-331522
-886027
-128870
-87264
-349917
-267272
-363543
-347564
-308454
-730258
-437643
-876911
-253120
-834748
-180410
-112670
-126477
-200359
-231256
-477578
-364451
-110368
-503605
-83180
-885032
-705168
-489205
-496965
-696731
-168054
-761530
-28253
-54081
-890501
-382419
-670900
-424573
-746062
-18463
-733128
-743121
-723008
-610039
-263042
-557755
-57249
-375812
-951134
-257709
-607169
-695512
-889062
-984438
-199117
-972343
-136170
-171086
-461547
-633236
-867918
-896503
-394765
-896271
-950684
-552067
-278690
-621584
-976741
-291553
-906949
-976669
-301475
-629956
-853509
-564617
-454512
-910859
-940530
-405646
-168568
-814500
-101158
-57629
-65638
-567177
-29972
-201908
-738364
-758421
-101945
-606281
-921724
-763612
-769353
-139108
-315678
-48043
-27493
-559220
-606497
-934542
-535889
-908073
-831299
-389397
-739491
-285811
-300256
-946822
-958359
-735725
-761321
-59516
-60155
-93760
-893595
-357029
-562570
-631958
-382250
-664615
-505040
-303974
-695028
-274393
-443183
-10706
-589338
-470777
-836827
-195835
-672120
-639517
-370708
-503419
-28914
-377000
-56031
-596071
-323821
-14389
-598597
-351943
-340807
-658853
-445804
-234402
-15882
-8373
-133161
-398233
-939890
-638302
-969109
-634918
-912796
-412292
-912525
-502133
-149869
-749352
-964870
-88790
-388869
-602379
-592309
-684684
-979479
-915242
-547556
-303300
-196432
-146153
-655344
-537340
-71807
-367949
-38542
-354591
-376423
-438605
-752924
-316313
-76906
-722033
-951331
-256503
-401125
-863856
-25437
-817896
-880009
-990407
-906787
-268878
-859587
-765897
-220363
-839066
-681138
-768020
-409167
-877671
-180974
-331312
-681811
-519683
-699361
-987255
-874374
-342585
-425860
-627298
-925799
-769668
-616132
-877130
-26170
-284058
-7686
-51708
-101954
-887796
-308916
-8740
-423475
-435303
-41438
-910739
-274369
-722677
-945560
-950437
-867148
-126533
-548550
-815760
-646317
-247911
-803015
-787492
-857397
-495676
-414790
-783196
-265343
-297722
-927127
-291614
-848682
-934914
-610224
-950736
-89410
-919240
-226277
-779787
-621344
-267816
-690526
-895814
-257293
-636085
-112951
-391242
-29419
-661601
-207002
-942638
-176313
-276818
-730129
-33710
-772595
-411720
-817007
-37938
-976344
-744134
-329653
-825025
-945849
-206677
-775761
-302060
-392718
-268839
-81846
-14062
-803557
-772473
-176677
-60850
-675359
-289728
-452193
-704879
-951430
-926097
-914317
-394544
-202915
-644446
-428354
-975610
-322967
-512162
-13548
-299310
-523096
-610102
-124335
-468945
-816880
-166897
-771105
-209598
-435837
-119752
-223761
-239394
-159026
-667340
-300344
-834485
-957169
-19338
-806165
-175299
-945535
-720482
-569943
-415251
-364928
-265098
-390861
-687995
-777361
-671310
-254106
-300457
-281412
-378542
-36202
-365093
-545540
-74108
-841593
-981478
-193961
-332155
-487673
-353088
-999596
-54818
-454374
-956764
-74256
-260538
-398864
-286592
-981121
-968908
-701944
-612849
-234006
-359605
-567645
-11366
-30915
-821852
-578725
-579229
-467195
-881829
-944423
-12735
-956038
-52716
-261014
-416800
-384972
-748788
-36688
-384568
-803706
-491163
-608133
-144763
-18502
-6996
-431456
-266423
-976005
-400201
-146073
-476811
-26607
-980620
-755079
-57623
-802472
-333804
-903754
-536468
-482433
-848177
-549304
-438471
-900994
-77119
-122071
-552767
-826008
-158860
-937435
-896515
-916925
-545568
-41278
-935527
-819466
-739636
-201950
-62170
-406637
-348124
-539082
-433345
-328744
-294161
-757869
-398017
-894867
-661623
-201286
-377300
-509799
-750691
-82571
-677594
-94611
-204743
-230360
-920720
-363704
-434596
-83934
-280629
-246965
-125313
-482957
-66430
-131749
-685008
-128701
-538487
-299933
-934685
-238633
-895579
-228846
-996603
-560397
-390514
-658225
-761784
-34614
-434825
-779276
-117286
-379220
-873988
-322130
-876482
-61407
-952736
-311078
-412243
-500166
-558143
-537657
-983223
-891475
-936308
-935032
-286977
-741596
-501765
-221662
-980329
-397344
-717410
-976932
-224541
-374725
-901958
-253126
-409440
-336783
-32401
-526827
-716103
-173190
-115758
-592585
-501499
-68494
-170463
-913843
-568760
-995508
-718300
-818784
-886983
-921409
-753816
-440761
-663004
-255581
-662524
-643333
-919826
-646735
-887066
-411168
-21460
-789023
-664395
-431000
-392607
-963698
-957928
-375511
-136887
-73685
-234896
-905288
-409081
-405460
-819130
-244642
-400968
-804231
-63426
-554752
-725640
-84042
-995614
-388644
-606525
-924939
-298778
-793152
-571674
-452644
-204320
-860036
-508468
-868815
-291036
-167876
-832513
-515764
-543487
-236201
-856351
-778484
-141488
-532233
-183944
-227419
-776975
-851814
-298451
-840502
-406566
-290892
-191345
-668981
-946437
-797970
-593920
-245215
-591122
-432395
-964761
-795542
-292431
-473229
-931158
-850368
-641205
-763671
-632933
-451493
-266672
-489284
-229977
-675062
-21517
-680823
-169282
-65293
-532637
-467834
-172595
-206004
-758827
-364041
-875086
-705264
-162011
-469006
-217279
-753233
-901502
-182040
-815576
-460734
-922170
-746734
-311102
-830176
-777206
-210836
-281669
-310679
-700221
-778548
-985842
-988639
-459371
-421925
-320733
-258809
-889860
-493429
-464914
-915487
-857570
-340000
-887552
-19581
-75807
-104831
-39615
-244110
-553772
-121992
-704945
-742743
-135527
-282847
-572919
-179533
-493784
-121389
-490313
-460805
-900038
-742955
-716245
-626210
-164880
-36978
-885120
-321540
-530507
-350034
-237027
-654878
-956936
-124579
-941361
-32743
-496311
-247776
-276954
-50083
-369869
-248700
-792927
-772297
-798449
-632647
-951931
-559033
-754137
-709045
-286639
-654175
-718801
-2884
-280385
-883781
-306764
-432306
-472122
-104072
-782441
-709250
-759051
-6077
-100630
-700411
-38921
-597042
-214988
-582777
-914027
-851759
-98278
-706954
-624056
-163527
-606402
-842788
-722661
-360539
-551832
-9300
-281515
-270633
-279086
-828802
-421215
-585951
-261108
-893438
-956924
-310350
-869489
-982776
-316528
-970219
-949988
-622351
-834062
-164976
-471929
-748088
-16734
-837108
-721843
-640891
-635
-328244
-483678
-723397
-688884
-302311
-999599
-237199
-839846
-278685
-66001
-261060
-131437
-594010
-421299
-355162
-171161
-557588
-337937
-487789
-527807
-287925
-376941
-628670
-453001
-115670
-376758
-469836
-952879
-98600
-377528
-953615
-426945
-128007
-943813
-382630
-430419
-943412
-886731
-537065
-488898
-952832
-64926
-887237
-813643
-486326
-509199
-984905
-43914
-847237
-739495
-838623
-135162
-116435
-467292
-855065
-499007
-844151
-591702
-451886
-209552
-236030
-405501
-903399
-364138
-616115
-552829
-61357
-826328
-439560
-598523
-582027
-659193
-663550
-469264
-472836
-149876
-978564
-457740
-460691
-92501
-197235
-566115
-494564
-580572
-33407
-349629
-79579
-144358
-208131
-531566
-620812
-444262
-203868
-524210
-808501
-86784
-343840
-136659
-913213
-783501
-735283
-495240
-442693
-398833
-231304
-182330
-815610
-476669
-906972
-543102
-569270
-104206
-109217
-63834
-951680
-142724
-680365
-298059
-553984
-155297
-96426
-174796
-599660
-300394
-965908
-674961
-387279
-309748
-811721
-567292
-360049
-813804
-62532
-69543
-212637
-293937
-251974
-295048
-770706
-425746
-838251
-606777
-530053
-947568
-670712
-748534
-357093
-617878
-46593
-911178
-773275
-143119
-352775
-639736
-710415
-585483
-581498
-364495
-895332
-660019
-931888
-522182
-473823
-261220
-858627
-686561
-555258
-377401
-248409
-325964
-803248
-86660
-199542
-333301
-301029
-870355
-348636
-658223
-755033
-395329
-836202
-795109
-805350
-455777
-701646
-782566
-41260
-283143
-147061
-203393
-943263
-345749
-725675
-417086
-607070
-584302
-370448
-162328
-961804
-618958
-755193
-765052
-705718
-954836
-365154
-273548
-91890
-980691
-931871
-113724
-642821
-34773
-908934
-448171
-490651
-610580
-230737
-532012
-893824
-644700
-735505
-103787
-990550
-727981
-520974
-597620
-579084
-891522
-26748
-807688
-777281
-782042
-839541
-749800
-3578
-471495
-23347
-362370
-452186
-222019
-476195
-95007
-256893
-385129
-810080
-747644
-262509
-307618
-279656
-423134
-952419
-281962
-527021
-209668
-276744
-314796
-807389
-855928
-473119
-100938
-663616
-250399
-149781
-503157
-199
-153459
-974753
-290448
-515930
-426939
-512568
-258925
-788848
-769561
-644155
-598928
-784006
-173465
-906647
-330463
-596699
-125765
-612525
-123720
-335534
-156070
-438617
-409724
-11998
-911836
-510762
-942516
-429036
-660644
-445672
-696137
-80904
-687226
-986685
-863735
-380965
-766054
-122660
-169813
-535615
-33616
-35541
-586422
-207181
-208989
-916985
-803981
-601656
-796311
-194502
-937291
-952482
-900021
-347014
-231280
-78557
-124577
-173796
-507694
-52022
-619569
-203830
-133026
-573595
-457316
-996862
-954661
-223370
-386323
-391275
-25785
-420040
-693718
-612308
-627322
-902807
-796094
-698104
-504463
-859206
-892707
-708554
-811687
-792727
-322369
-42967
-871385
-447047
-483665
-645879
-499170
-103233
-849810
-899098
-943730
-573927
-162660
-898391
-64098
-549084
-556467
-89984
-969224
-250184
-969193
-596546
-419792
-31987
-294649
-924356
-891293
-454157
-899711
-969781
-246884
-222080
-279549
-385069
-936029
-763315
-30948
-701999
-133349
-147559
-601097
-77079
-721587
-763857
-242271
-785786
-312941
-798838
-142570
-548966
-49022
-378564
-145511
-468915
-677453
-707062
-660072
-568746
-161219
-559782
-538527
-675004
-48663
-818177
-60073
-251492
-848292
-91122
-953592
-981742
-505583
-821490
-58820
-227170
-852148
-301192
-279757
-431889
-100030
-689229
-980956
-415954
-334594
-393268
-151670
-12046
-100330
-811842
-847694
-528450
-638425
-386220
-203454
-953990
-471198
-263628
-205482
-319490
-621652
-425875
-301231
-127235
-514165
-626953
-621307
-366313
-194946
-167865
-65003
-561877
-123894
-312759
-977932
-458589
-706128
-129601
-737537
-73258
-208244
-585230
-868610
-113470
-971551
-72064
-334261
-709550
-602594
-806644
-295840
-491047
-232519
-863973
-618383
-13485
-490926
-506491
-646699
-685973
-674457
-711803
-247850
-65152
-24562
-492582
-523841
-997591
-889085
-261378
-70849
-364130
-846709
-939560
-477701
-84960
-278425
-78763
-61310
-881120
-885508
-357251
-372167
-384827
-221224
-257351
-398413
-712251
-30643
-45112
-665025
-972002
-23715
-912975
-37153
-48378
-672358
-561095
-312770
-561443
-89274
-383720
-925674
-202783
-590081
-670176
-554645
-135307
-749040
-616056
-16427
-634547
-240108
-655496
-19374
-461433
-179648
-684689
-440485
-210392
-996702
-372310
-182393
-20417
-552086
-219647
-335697
-224444
-47543
-648567
-785988
-403719
-299088
-711662
-873404
-155969
-381838
-428048
-291377
-397679
-310905
-574705
-32226
-817914
-497002
-318502
-279347
-676750
-3190
-986733
-153943
-266693
-359043
-603238
-287211
-911230
-89686
-623009
-402475
-404131
-538377
-188463
-807950
-837565
-166926
-948155
-260335
-815666
-643004
-551813
-213345
-954009
-126518
-512472
-38623
-890421
-831075
-584872
-567171
-101066
-571605
-988016
-367860
-197449
-591253
-921973
-375480
-681040
-811782
-778056
-85170
-350159
-233320
-159921
-454525
-400347
-108076
-714961
-482814
-751180
-266773
-696259
-971990
-660193
-475532
-10613
-817415
-573408
-595586
-651387
-941375
-433991
-639402
-309235
-898342
-497456
-498008
-540622
-178496
-309790
-585479
-530568
-660050
-818899
-957391
-381375
-486047
-65466
-96336
-968961
-83447
-630011
-932021
-322238
-557004
-407553
-599753
-374419
-981062
-462140
-25805
-922437
-162932
-665308
-498472
-61273
-162764
-996581
-601996
-608162
-573172
-187475
-405530
-500023
-273175
-362921
-881499
-759322
-695289
-977935
-728283
-778837
-874747
-927105
-367876
-431751
-334658
-967730
-806270
-582521
-429869
-98876
-504957
-592902
-764285
-270230
-921077
-193850
-533612
-523073
-68813
-106784
-977449
-474444
-606908
-250624
-837465
-755207
-276747
-532754
-733142
-5030
-578391
-874690
-932236
-946368
-306440
-533695
-180797
-379511
-116215
-610767
-478488
-888074
-470470
-509574
-158304
-391546
-703525
-958818
-181420
-39139
-65602
-425670
-513683
-939412
-943195
-617949
-961420
-219942
-417504
-694562
-225072
-995996
-836052
-424109
-209063
-142492
-957904
-389961
-522104
-340920
-728
-592
-228994
-738100
-777068
-387399
-396447
-480593
-346217
-844768
-786634
-678721
-270438
-300317
-884934
-213633
-185067
-846353
-433675
-602671
-807716
-925649
-598667
-643768
-616559
-807831
-53061
-841264
-197792
-575266
-182184
-465422
-842760
-411279
-470322
-619828
-65479
-866870
-367222
-678598
-711638
-153855
-624120
-248876
-721074
-775854
-729411
-906241
-622207
-163086
-508912
-696724
-355536
-374380
-340491
-972195
-182210
-660454
-80159
-646904
-235719
-262443
-379126
-345280
-940624
-849549
-231908
-272903
-983220
-599231
-951602
-961658
-19887
-842522
-210534
-7761
-618376
-940046
-914103
-507384
-369932
-689816
-204108
-992370
-64196
-811501
-964565
-246507
-471954
-44723
-160211
-974575
-574068
-539438
-586656
-514692
-655788
-818665
-54396
-639008
-684696
-272798
-600666
-971485
-115320
-78001
-979347
-497
-284847
-893450
-507982
-654880
-583266
-978992
-647250
-647562
-57192
-878615
-160870
-796048
-190139
-587983
-770623
-31008
-127421
-624080
-812602
-50010
-442744
-867098
-689118
-394241
-139896
-556585
-365726
-255317
-634686
-345072
-522716
-919634
-505323
-30698
-841315
-88588
-276491
-755366
-2951
-333784
-633981
-430723
-129832
-90921
-18705
-167256
-122030
-413028
-791436
-934732
-463138
-500981
-801830
-419057
-895323
-208527
-975743
-527850
-730746
-877230
-873023
-253462
-63564
-378345
-551062
-904980
-733835
-827654
-927146
-3587
-161437
-561127
-434411
-558171
-918949
-453217
-725527
-307780
-133045
-783764
-242512
-596284
-551546
-311143
-282142
-713670
-786572
-257885
-241520
-517318
-401915
-381343
-770881
-465580
-759789
-321943
-637360
-760425
-149596
-564506
-764113
-577935
-392434
-198524
-136106
-311383
-918642
-128434
-619263
-318488
-178999
-128576
-181573
-730646
-706620
-463816
-444316
-493192
-988603
-685936
-277310
-390518
-67279
-48191
-856198
-93869
-637035
-760359
-854395
-53432
-324865
-885309
-631468
-984201
-350634
-34375
-562384
-536077
-429710
-448448
-854666
-608810
-577125
-36239
-606256
-550546
-766957
-50572
-310538
-755559
-3309
-587949
-146077
-70689
-903042
-269076
-431460
-540077
-29435
-552656
-593610
-621202
-437965
-491879
-605402
-55399
-526354
-434587
-591577
-222865
-883136
-446242
-831776
-727062
-749383
-438032
-277607
-516339
-755505
-855047
-271898
-758915
-442996
-684877
-96404
-346038
-954053
-794766
-886215
-250289
-347421
-746626
-871591
-52187
-238504
-743794
-107687
-31659
-178381
-699364
-254625
-61517
-412407
-353202
-55380
-161790
-58034
-333088
-945031
-813640
-454936
-216929
-839356
-898033
-901906
-935861
-510871
-122659
-730626
-663887
-373049
-344848
-410513
-511441
-397136
-649118
-255235
-504923
-680878
-700518
-471088
-202304
-28836
-883596
-555606
-84316
-312187
-613741
-684306
-257217
-694182
-139241
-741048
-533538
-304075
-909755
-469398
-815047
-32414
-466825
-478934
-672364
-811774
-156247
-183805
-475711
-72166
-705941
-980735
-19844
-673260
-718624
-222249
-702196
-869021
-777956
-53313
-448008
-658498
-737720
-705326
-352680
-143762
-713175
-886318
-447937
-889730
-622517
-262984
-922245
-89342
-8718
-861410
-167917
-165066
-312015
-643729
-237333
-17956
-891264
-257278
-958118
-609888
-479627
-927115
-745709
-524384
-980529
-193717
-182881
-985049
-165844
-802463
-128811
-879120
-688781
-576849
-768850
-311298
-106633
-957895
-667542
-115452
-86005
-835560
-547420
-398121
-746089
-51554
-682979
-637353
-308932
-641096
-514042
-55360
-568211
-526552
-846646
-548739
-720370
-296328
-800589
-886315
-98790
-929501
-32134
-787672
-773150
-67785
-365770
-146584
-292481
-300113
-528938
-378586
-402473
-76358
-43508
-148562
-128013
-726587
-52716
-703847
-367683
-833660
-759308
-202695
-360211
-605953
-18235
-347382
-902382
-818925
-233696
-267973
-15125
-532732
-322445
-788376
-867419
-688316
-201761
-159899
-988530
-730800
-805387
-657804
-807259
-115696
-806467
-202073
-842384
-859284
-906020
-476868
-959744
-932129
-946464
-319955
-804883
-964800
-667438
-974065
-50424
-167935
-242038
-65650
-967569
-564584
-120827
-834987
-519701
-322689
-261687
-775031
-53489
-333875
-432835
-127549
-449672
-239301
-329723
-558856
-365386
-502544
-35724
-591931
-434672
-982289
-911987
-239555
-213788
-846225
-480421
-264313
-280961
-722559
-330064
-248529
-553944
-717793
-350317
-73644
-40482
-612105
-115476
-360873
-212781
-548412
-488523
-662554
-54514
-85047
-221410
-686801
-587691
-524035
-278732
-22363
-506324
-457519
-528820
-987014
-303744
-276041
-251327
-851607
-265401
-848293
-100136
-819446
-566086
-450554
-159891
-873470
-329460
-275468
-501144
-542342
-823980
-256468
-471696
-145295
-341615
-693207
-832197
-196107
-217242
-110928
-485372
-990467
-568548
-14192
-977481
-139093
-557135
-495608
-990801
-822637
-343901
-357737
-642082
-176787
-75092
-68774
-317058
-404652
-344342
-818302
-213795
-435123
-341571
-685592
-580519
-683287
-645599
-679516
-879495
-862942
-57245
-364867
-120109
-892695
-645960
-364390
-31788
-203095
-860099
-289390
-292532
-470801
-647228
-934715
-647689
-722420
-270290
-231547
-393873
-614733
-316650
-607769
-316657
-658322
-560161
-163976
-608409
-205760
-110293
-754705
-335503
-167639
-386372
-455712
-60334
-299133
-820203
-359024
-769130
-947103
-648515
-61662
-417904
-562543
-263178
-332393
-284963
-533568
-564041
-678937
-415102
-147492
-553507
-731859
-805915
-113668
-162636
-414324
-319529
-273030
-435829
-655132
-440770
-822302
-377645
-768006
-121435
-464649
-127030
-890666
-411752
-775646
-952428
-96457
-338189
-215606
-695752
-890054
-15975
-526594
-835792
-431177
-674187
-389298
-429837
-480101
-769868
-859375
-161226
-356197
-132405
-597156
-278130
-840077
-419458
-655876
-608083
-807795
-387326
-1914
-698460
-65879
-777661
-917689
-162437
-382650
-133295
-124989
-272704
-416171
-651684
-375296
-847449
-325870
-764695
-544087
-806072
-801364
-403462
-234099
-424362
-802769
-831355
-702593
-642846
-517614
-625270
-517730
-325408
-12596
-519745
-290669
-78576
-564207
-208358
-507914
-946958
-608555
-633004
-486462
-24726
-284688
-861859
-138976
-610659
-893355
-683164
-683532
-694719
-86626
-917731
-119080
-889496
-15786
-88474
-799143
-800302
-713844
-316873
-392511
-993342
-103419
-683281
-71917
-667726
-891740
-846733
-881485
-767095
-479737
-634748
-58622
-31226
-496607
-197698
-908786
-389962
-880963
-592318
-351481
-234389
-776850
-737463
-390686
-59437
-92738
-189828
-859839
-806683
-773603
-252350
-800024
-877122
-935731
-138742
-811649
-94171
-985576
-959935
-128067
-732114
-594682
-186789
-30141
-91289
-384588
-939028
-748152
-532352
-798146
-366434
-33542
-841797
-370698
-424328
-901334
-463537
-614257
-761173
-270219
-654661
-280324
-337044
-531783
-482856
-475887
-610233
-843928
-728264
-836968
-972096
-727179
-431650
-158885
-757421
-789841
-810375
-696448
-804794
-609527
-761395
-171228
-643170
-603192
-542027
-67498
-504526
-5563
-948657
-532500
-542684
-603317
-79624
-879829
-401901
-562581
-622517
-12133
-406509
-617582
-115902
-645405
-344761
-547653
-71091
-102182
-337494
-148266
-65431
-142287
-757894
-826927
-580417
-401064
-430118
-122443
-735463
-201445
-394908
-684120
-734045
-937693
-287437
-80470
-84222
-689438
-643152
-973641
-968473
-316461
-591223
-84375
-228667
-936085
-898930
-299859
-305068
-503225
-448226
-370599
-912414
-472921
-197526
-492830
-140785
-894546
-882175
-876349
-95990
-543884
-560469
-96836
-748378
-114706
-177407
-832701
-70945
-87360
-73042
-306219
-670723
-664366
-390695
-899491
-867252
-556426
-466150
-172320
-59651
-181177
-809821
-238865
-654198
-7346
-998597
-795084
-168693
-880772
-938234
-264784
-691457
-765504
-628522
-439835
-880311
-72730
-539337
-218057
-426991
-612480
-524377
-97714
-543647
-181873
-264005
-410899
-738400
-730256
-850121
-64851
-178234
-659941
-303817
-832533
-934189
-302414
-894418
-102882
-449987
-99352
-634567
-141444
-864956
-529890
-581380
-745267
-602720
-387518
-963424
-29711
2
-754602
-394327
-543746
-936575
-925234
-221446
-674975
-655490
-71567
-6627
-100524
-998410
-310545
-933158
-932599
-879861
-94275
-302281
-596649
-193728
-203649
-738194
-58684
-733640
-586375
-70751
-603161
-973994
-300976
-899774
-240793
-55578
-560901
-51340
-992254
-486135
-272887
-934029
-408425
-611355
-940757
-509050
-876566
-518102
-709009
-75864
-664764
-803385
-378246
-261412
-263913
-848797
-266407
-589499
-849238
-119582
-927152
-452398
-360377
-228128
-618973
-868071
-550607
-179874
-919512
-809662
-666109
-192398
-10391
-74534
-70554
-217948
-583685
-947221
-2851
-292694
-23085
-667716
-362879
-668233
-195929
-893694
-517030
-729237
-483193
-366267
-848920
-410344
-85466
-476098
-905374
-704540
-344169
-722782
-151214
-263680
-532443
-817424
-722980
-809736
-158759
-60335
-27684
-742545
-7556
-30636
-302040
-297542
-698452
-931821
-232576
-161182
-825515
-749706
-890520
-308707
-382774
-6140
-985953
-735142
-749139
-158027
-706483
-93308
-880909
-857798
-623890
-680153
-942023
-613671
-489889
-100782
-674107
-517673
-110128
-948564
-815211
-412268
-512907
-780464
-344089
-745584
-941746
-169603
-762091
-98966
-745212
-144865
-372007
-997966
-146808
-121146
-155993
-853391
-481356
-303703
-977990
-105245
-983957
-920012
-985818
-740646
-20794
-926725
-525120
-131022
-875289
-340331
-810192
-388196
-120794
-421082
-133780
-329341
-857587
-162671
-428408
-869600
-574438
-67216
-867566
-721346
-188463
-23558
-841538
-669919
-594163
-819528
-41965
-578119
-6240
-27783
-318765
-293935
-954609
-843986
-425058
-96598
-451118
-502051
-751696
-572013
-923234
-152276
-168155
-47520
-315048
-863464
-917221
-889587
-930781
-784786
-610933
-119243
-75145
-719272
-55963
-669409
-538799
-98029
-514329
-811941
-392714
-833195
-105876
-614123
-943982
-797836
-977623
-395099
-299887
-729318
-233913
-489921
-881695
-402168
-537542
-196743
-265632
-454763
-353131
-196413
-506350
-230864
-582558
-581596
-950237
-638622
-517805
-755837
-3452
-32134
-567777
-663067
-132129
-940555
-277190
-76111
-738390
-254813
-738112
-38277
-250932
-972125
-795100
-132627
-641094
-332642
-596272
-906827
-54205
-216203
-370041
-560656
-447168
-219399
-142251
-397405
-858122
-660157
-420042
-128374
-959193
-987920
-791542
-91322
-928475
-335533
-167533
-933666
-857248
-172446
-238743
-108179
-144571
-33843
-240907
-785766
-366585
-103979
-959394
-687692
-320283
-596235
-248348
-767552
-815735
-657501
-431758
-940658
-584459
-851901
-69032
-543651
-106521
-127375
-635074
-301796
-463009
-69408
-235462
-320256
-241954
-474306
-695337
-653427
-775050
-203045
-439192
-408436
-307125
-665387
-96128
-894310
-261622
-344577
-928663
-344158
-2077
-627221
-284815
-853438
-479122
-620749
-397089
-852544
-748224
-32162
-421141
-478034
-368472
-923505
-65091
-610527
-397810
-760529
-263953
-439661
-963674
-970047
-848198
-537600
-902235
-944427
-698710
-430657
-555805
-627373
-774916
-824784
-254594
-59731
-678221
-516
-947381
-75310
-119861
-962406
-374374
-541103
-440440
-742946
-731409
-772432
-620274
-396020
-532961
-151028
-835782
-763436
-121075
-683980
-567836
-290110
-628407
-266546
-720868
-184211
-160720
-495784
-275796
-682215
-822416
-954118
-949633
-769797
-296228
-69494
-732203
-670703
-877499
-439444
-680450
-608908
-211876
-300723
-4927
-11637
-451852
-107510
-41874
-839828
-791590
-609811
-129938
-686798
-143158
-850907
-137810
-570779
-613492
-413706
-252994
-435908
-367824
-469428
-472506
-664153
-805824
-471510
-601656
-683323
-911054
-282106
-559032
-122930
-849731
-830861
-401469
-568383
-938471
-443443
-408211
-996862
-320055
-805051
-683660
-730114
-922759
-821570
-300893
-536251
-235276
-820789
-238959
-870002
-290217
-978367
-800955
-96041
-449876
-402611
-46165
-627731
-951619
-605298
-750762
-801349
-702959
-419031
-636533
-908231
-862575
-311545
-905093
-449431
-116596
-855554
-179545
-306156
-677124
-480539
-109208
-179201
-301328
-348268
-316003
-591646
-593435
-116958
-954589
-43311
-786471
-754
-671143
-738090
-872953
-688706
-806240
-575912
-374538
-442773
-750944
-237113
-754419
-922838
-953445
-137816
-778392
-132990
-444073
-722316
-613629
-553381
-901618
-181758
-168450
-484422
-773504
-761986
-601481
-728093
-72098
-387952
-728947
-10042
-392842
-601900
-965649
-199082
-444613
-340187
-908756
-195557
-844201
-929976
-385196
-797646
-67791
-163588
-930737
-778766
-886005
-811167
-332147
-54322
-993025
-767498
-538845
-33229
-796285
-407126
-761423
-135183
-795179
-757171
-412127
-188021
-625872
-377776
-654004
-337286
-984864
-562760
-799745
-95765
-492736
-184941
-893512
-560628
-615430
-90949
-606194
-501435
-902216
-938442
-822659
-161941
-972741
-628304
-195271
-769025
-35430
-223495
-171009
-830710
-980766
-583237
-285531
-873439
-961113
-939636
-477525
-212677
-502396
-277270
-308543
-261933
-729112
-202055
-89361
-344542
-559906
-695656
-112778
-728923
-900899
-935537
-890965
-873639
-563841
-86236
-909465
-599372
-576632
-80474
-696883
-824199
-663812
-982515
-697638
-624925
-188851
-441964
-837703
-958149
-719334
-413047
-220081
-715247
-882004
-309543
-59789
-441909
-272000
-172668
-170832
-172899
-375006
-328597
-46538
-938948
-681735
-222804
-805121
-258367
-303379
-768804
-82566
-967291
-18019
-47004
-859017
-206970
-489069
-963520
-165119
-475204
-376567
-652102
-190451
-258570
-228446
-517142
-967381
-500547
-689910
-405014
-673546
-331717
-733712
-986986
-537465
-415446
-209789
-342586
-940715
-513269
-378191
-23280
-747361
-396310
-70385
-873178
-603381
-826356
-836698
-35301
-301559
-480066
-954304
-758912
-5437
-182750
-276053
-972919
-683397
-232764
-377932
-623744
-564582
-378445
-610730
-102047
-60692
-87320
-711534
-1406
-867490
-89725
-291588
-614851
-486136
-628875
-754830
-356318
-722032
-858329
-658520
-23591
-338394
-612824
-782603
-343932
-795675
-325457
-583651
-745873
-558322
-228384
-369617
-122904
-873731
-247147
-491852
-934523
-334568
-203386
-202730
-202058
-560013
-761220
-83709
-312949
-390095
-838640
-936169
-112127
-696968
-594689
-402619
-302163
-474314
-452023
-912997
-536789
-777581
-496648
-282662
-602704
-991934
-919180
-992510
-865664
-166327
-484362
-66887
-500996
-954650
-269718
-969955
-781463
-30938
-320465
-94412
-687935
-425906
-30581
-66863
-389675
-892171
-736384
-691939
-633286
-188407
-871736
-170075
-232789
-635185
-719638
-835594
-627118
-638818
-94803
-492782
-71946
-579266
-559770
-839844
-800716
-96289
-809799
-582179
-394129
-397065
-676692
-82064
-823071
-974175
-415829
-212746
-133046
-152212
-171485
-33132
-607521
-43221
-470109
-107110
-678507
-189747
-209505
-572426
-95366
-304409
-332009
-167413
-150475
-158580
-274057
-951292
-254970
-350657
-533471
-916001
-747822
-476964
-264866
-837694
-717940
-680795
-317241
-851086
-99808
-488827
-151019
-974231
-798950
-621229
-81341
-744257
-77776
-290946
-316683
-440044
-862257
-915593
-874358
-12732
-74173
-148415
-964125
-596044
-499173
-764397
-512045
-246995
-241361
-777011
-84689
-959401
-724607
-402030
-77187
-91216
-157658
-228307
-65447
-223408
-849637
-146888
-967766
-194214
-704736
-551250
-634358
-833794
-466843
-508716
-846626
-807917
-657232
-810751
-670762
-156405
-575147
-182807
-670301
-83309
-226619
-21791
-42710
-218027
-690723
-386799
-309344
-848481
-615207
-374891
-338690
-731644
-788681
-306456
-925959
-760218
-124507
-827118
-594012
-858251
-335834
-440638
-666168
-993167
-518189
-603731
-416372
-360137
-786639
-353474
-710348
-280058
-375366
-753158
-498186
-66088
-139957
-807630
-181370
-21964
-182521
-520161
-20409
-238003
-93418
-946469
-998322
-218026
-773586
-592334
-343078
-376221
-299772
-276047
-369387
-84762
-879879
-52560
-711801
-666517
-406135
-422149
-213376
-781602
-442108
-711663
-114491
-848966
-519293
-295962
-137731
-968716
-82924
-158241
-206719
-176443
-104710
-471842
-661370
-145097
-330976
-4448
-788219
-630849
-280595
-157606
-982513
-160474
-477068
-694314
-93792
-150004
-383264
-574070
-931707
-825472
-285732
-312998
-941239
-71826
-875862
-78970
-307342
-958886
-237312
-780963
-402130
-608924
-252804
-63500
-20821
-583881
-334849
-809141
-481531
-615545
-233548
-464044
-42820
-710717
-425159
-403513
-860822
-808524
-977684
-59229
-900797
-530217
-639129
-842036
-868944
-514990
-921107
-176286
-740677
-425220
-224050
-142807
-34143
-476955
-206407
-55065
-327637
-808158
-864307
-809269
-423703
-364656
-273313
-733425
-75373
-965374
-403739
-202996
-773897
-381422
-529127
-674694
-178440
-168255
-783530
-47384
-950147
-971438
-490572
-690824
-396657
-714722
-833732
-430901
-191677
-306940
-752868
-519414
-115098
-617175
-595484
-805703
-248632
-135597
-805928
-324106
-100971
-209667
-794004
-141669
-857991
-589932
-83163
-36430
-758288
-866794
-350716
-975236
-838232
-841388
-666060
-234889
-556110
-766592
-932692
-14588
-340333
-685560
-800904
-455531
-569536
-663188
-528035
-818269
-798886
-600764
-409176
-899958
-810531
-203180
-308427
-668522
-59912
-391691
-971854
-818301
-525286
-322569
-793536
-363518
-430758
-726397
-865308
-253669
-492989
-798000
-268358
-833422
-750360
-336062
-555754
-319896
-999351
-350590
-138164
-798237
-951454
-547441
-964996
-28685
-17421
-540224
-697308
-77434
-932016
-935962
-162536
-724103
-258531
-222873
-354421
-956191
-216070
-219729
-209860
-709160
-284530
-745120
-809383
-34890
-81182
-631938
-354886
-347334
-982628
-759952
-412372
-200782
-574194
-644168
-229568
-858517
-184392
-193677
-936052
-383208
-129639
-365388
-107311
-655072
-855163
-461833
-611263
-71233
-948464
-87924
-47193
-232993
-833144
-123377
-534785
-181127
-755415
-156472
-528561
-4743
-916525
-207734
-472427
-757519
-852003
-702096
-616036
-303195
-162574
-818888
-953305
-292313
-451077
-60616
-214186
-306240
-522549
-825549
-644374
-737814
-180274
-691668
-237608
-13418
-815146
-772493
-194645
-837362
-929066
-990108
-108906
-112290
-464643
-581434
-136610
-583446
-550331
-752747
-886742
-713005
-838436
-840047
-272119
-289513
-167464
-486406
-595853
-956915
-578756
-240227
-694728
-759130
-198696
-932437
-39349
-280643
-971731
-234095
-384805
-900796
-491004
-493812
-279887
-955747
-342046
-683399
-539193
-159178
-436146
-692736
-872284
-274581
-799584
-144403
-830996
-967149
-897710
-426849
-190763
-476466
-933978
-885592
-502397
-399475
-84729
-541846
-947019
-56459
-42742
-331824
-224056
-800647
-92437
-770845
-23094
-701385
-454244
-829189
-860663
-157191
-521925
-732947
-698674
-588310
-144150
-529669
-822260
-41860
-223319
-13023
-785228
-424097
-165416
-554425
-823673
-517046
-363072
-770692
-573606
-405915
-369317
-64463
-473363
-728655
-835409
-496558
-430040
-289653
-325747
-290703
-713746
-114473
-23649
-412419
-702884
-434701
-942189
-791944
-743463
-432309
-71768
-528691
-856507
-237284
-349917
-680179
-754431
-713090
-717672
-594838
-385805
-353789
-659402
-859269
-82444
-761612
-622627
-512585
-318066
-948475
-803388
-31812
-62947
-93838
-444332
-32632
-528640
-653322
-91377
-272103
-85630
-163245
-67595
-942238
-667431
-417612
-889218
-688663
-397503
-873690
-283501
-50109
-227479
-209704
-909478
-310024
-971417
-532105
-89410
-289483
-747381
-892899
-588197
-77129
-986838
-32528
-376662
-515478
-952752
-468140
-54382
-305183
-631486
-122077
-247420
-298917
-806591
-403439
-254381
-470895
-277129
-804784
-521104
-771510
-14488
-697383
-348335
-252706
-496289
-437845
-542290
-243670
-330744
-130486
-320899
-584382
-429916
-697662
-366661
-649469
-432603
-421143
-954752
-64088
-810122
-202172
-629907
-616713
-872513
-884388
-354409
-416442
-689172
-875614
-187952
-970561
-572997
-536387
-223267
-69286
-974333
-32357
-579857
-571878
-429745
-167557
-156260
-126462
-865320
-523021
-776032
-297923
-210965
-730784
-628913
-21087
-199757
-525620
-904702
-72269
-676809
-259111
-755613
-632782
-401525
-943666
-603343
-241323
-746854
-93410
-310709
-721187
-392669
-157367
-559865
-822515
-325025
-983027
-949078
-457146
-506048
-991911
-755170
-983915
-722694
-650883
-271803
-189252
-176503
-176505
-528423
-853413
-702517
-284036
-486195
-370843
-227701
-356338
-612267
-974656
-716650
-189777
-962643
-109319
-347245
-522508
-931935
-672371
-505535
-147713
-129517
-278383
-139624
-151487
-529099
-129119
-802471
-801002
-318471
-245775
-977608
-846995
-365989
-946926
-131030
-118985
-317769
-625633
-475424
-930136
-867090
-458875
-119913
-829733
-568295
-734059
-619042
-767031
-406430
-391377
-181545
-802848
-669861
-321269
-954436
-198960
-717290
-23607
38
-302562
-536284
-244370
-416357
-902374
-458097
-814289
-288160
-775966
-439922
-30384
-972903
-307012
-489360
-359617
-403545
-57654
-93676
-22587
-824786
-767007
-414065
-6330
-836656
-350727
-594501
-57792
-816588
-578592
-348301
-83351
-881254
-884686
-594623
-564412
-53760
-52719
-378701
-342021
-95486
-85424
-372506
-335190
-392537
-128666
-694908
-62883
-186421
-55384
-85570
-278008
-89192
-766537
-551240
-925949
-117263
-412542
-250542
-200652
-991234
-598944
-284104
-139188
-483630
-878827
-970502
-537491
-198347
-349203
-146313
-293934
-434728
-785720
-896026
-94066
-914487
-857735
-157049
-100908
-179920
-509521
-645818
-269213
-276058
-197057
-461963
-660223
-876501
-712606
-860976
-134435
-311550
-411880
-540525
-61981
-290707
-511027
-866374
-755956
-860331
-12686
-49890
-561860
-798507
-212717
-922827
-979795
-70452
-346677
-80703
-250472
-856299
-993423
-786587
-132357
-457281
-248549
-59380
-333781
-227956
-920457
-468317
-806407
-332337
-275642
-868489
-889946
-786770
-1562
-645902
-913901
-14349
-962694
-475761
-79657
-175411
-665389
-59452
-512764
-12066
-407057
-763337
-868466
-667281
-549924
-267623
-124561
-65274
-327104
-725244
-293330
-514362
-460362
-99737
-113499
-736105
-235027
-270246
-522874
-236690
-182948
-436775
-517941
-412443
-179337
-864500
-854755
-111526
-190753
-367519
-123693
-597911
-130856
-258959
-531992
-947682
-526683
-656654
-12955
-120588
-381898
-306386
-901852
-842361
-673025
-282152
-578465
-174853
-819299
-368140
-678444
-2247
-71716
-196385
-414791
-517955
-60884
-269546
-629582
-251738
-903967
-753375
-116449
-34823
-279135
-648542
-249305
-805919
-571997
-262361
-193308
-953996
-835649
-361961
-63057
-775475
-644213
-908424
-950429
-463512
-543365
-628873
-732661
-615182
-92058
-414253
-133136
-419844
-950700
-762819
-938484
-854667
-782995
-54933
-156290
-62130
-970377
-405696
-134850
-809175
-668158
-595060
-29871
-770608
-957121
-93028
-546083
-868135
-268253
-763313
-331647
-811718
-392185
-331109
-426900
-751145
-745463
-826938
-170989
-696163
-856557
-109473
-817630
-639552
-431307
-974021
-968583
-401684
-646518
-370234
-477659
-581477
-965394
-507631
-352085
-189215
-600760
-898269
-57350
-135813
-928383
-655899
-947632
-320568
-987109
-641333
-338514
-999373
-468270
-509604
-695535
-324827
-619177
-779966
-231180
-50484
-753987
-466564
-719070
-400505
-836898
-196729
-982083
-68992
-704460
-600969
-258308
-572021
-499238
-315759
-707935
-694422
-238459
-922368
-14989
-225568
-563700
-353604
-224941
-298771
-130008
-187277
-623699
-749286
-967344
-121680
-66571
-988132
-588344
-52442
-655438
-692043
-249271
-904322
-761136
-220532
-505291
-286245
-59354
-271330
-868906
-34089
-965852
-107365
-223258
-247642
-599835
-787059
-601347
-91577
-85830
-998257
-278954
-976431
-14243
-513099
-98110
-80915
-501230
-686555
-133457
-423469
-645399
-649630
-327790
-406535
-136963
-833182
-959682
-463219
-104511
-828588
-497409
-70363
-202754
-720767
-318106
-802690
-774627
-186254
-894368
-127257
-184510
-440123
-103688
-198854
-953322
-201899
-546670
-721353
-155255
-947029
-144822
-800755
-596659
-472713
-474091
-423
-572695
-700574
-463743
-677307
-529162
-227952
-14471
-998818
-215520
-332678
-68208
-990248
-785834
-229376
-117505
-970445
-669600
-488094
-436099
-889723
-956895
-982870
-877877
-112149
-196599
-289499
-179705
-793359
-29013
-920697
-60583
-601809
-621271
-791228
